(kicad_pcb (version 20171130) (host pcbnew 5.0.2-bee76a0~70~ubuntu16.04.1)

  (general
    (thickness 1.6)
    (drawings 31)
    (tracks 163)
    (zones 0)
    (modules 14)
    (nets 24)
  )

  (page A4)
  (layers
    (0 F.Cu signal)
    (31 B.Cu signal)
    (32 B.Adhes user)
    (33 F.Adhes user)
    (34 B.Paste user)
    (35 F.Paste user)
    (36 B.SilkS user)
    (37 F.SilkS user)
    (38 B.Mask user)
    (39 F.Mask user)
    (40 Dwgs.User user)
    (41 Cmts.User user)
    (42 Eco1.User user)
    (43 Eco2.User user)
    (44 Edge.Cuts user)
    (45 Margin user)
    (46 B.CrtYd user)
    (47 F.CrtYd user)
    (48 B.Fab user hide)
    (49 F.Fab user hide)
  )

  (setup
    (last_trace_width 0.4)
    (trace_clearance 0.2)
    (zone_clearance 0.508)
    (zone_45_only no)
    (trace_min 0.2)
    (segment_width 0.2)
    (edge_width 0.1)
    (via_size 0.6)
    (via_drill 0.4)
    (via_min_size 0.4)
    (via_min_drill 0.3)
    (uvia_size 0.3)
    (uvia_drill 0.1)
    (uvias_allowed no)
    (uvia_min_size 0.2)
    (uvia_min_drill 0.1)
    (pcb_text_width 0.3)
    (pcb_text_size 1.5 1.5)
    (mod_edge_width 0.15)
    (mod_text_size 1 1)
    (mod_text_width 0.15)
    (pad_size 1.5 1.5)
    (pad_drill 0.6)
    (pad_to_mask_clearance 0)
    (solder_mask_min_width 0.25)
    (aux_axis_origin 192.5 93)
    (visible_elements FFFFFF7F)
    (pcbplotparams
      (layerselection 0x010f0_80000001)
      (usegerberextensions false)
      (usegerberattributes false)
      (usegerberadvancedattributes false)
      (creategerberjobfile false)
      (excludeedgelayer true)
      (linewidth 0.100000)
      (plotframeref false)
      (viasonmask false)
      (mode 1)
      (useauxorigin false)
      (hpglpennumber 1)
      (hpglpenspeed 20)
      (hpglpendiameter 15.000000)
      (psnegative false)
      (psa4output false)
      (plotreference true)
      (plotvalue true)
      (plotinvisibletext false)
      (padsonsilk false)
      (subtractmaskfromsilk false)
      (outputformat 1)
      (mirror false)
      (drillshape 0)
      (scaleselection 1)
      (outputdirectory "gerber/"))
  )

  (net 0 "")
  (net 1 "Net-(C1-Pad1)")
  (net 2 GND)
  (net 3 +3V3)
  (net 4 "Net-(J1-Pad2)")
  (net 5 "Net-(J2-Pad2)")
  (net 6 "Net-(J3-Pad2)")
  (net 7 "Net-(J3-Pad4)")
  (net 8 "Net-(J3-Pad6)")
  (net 9 "Net-(J3-Pad8)")
  (net 10 "Net-(J3-Pad10)")
  (net 11 "Net-(J3-Pad12)")
  (net 12 "Net-(J3-Pad14)")
  (net 13 "Net-(J3-Pad16)")
  (net 14 "Net-(J4-Pad2)")
  (net 15 "Net-(J4-Pad4)")
  (net 16 "Net-(J4-Pad6)")
  (net 17 "Net-(J4-Pad8)")
  (net 18 +5V)
  (net 19 /ALERT)
  (net 20 /SCL)
  (net 21 /SDA)
  (net 22 /SWDIO)
  (net 23 /SWCLK)

  (net_class Default "This is the default net class."
    (clearance 0.2)
    (trace_width 0.4)
    (via_dia 0.6)
    (via_drill 0.4)
    (uvia_dia 0.3)
    (uvia_drill 0.1)
    (add_net /ALERT)
    (add_net /SCL)
    (add_net /SDA)
    (add_net /SWCLK)
    (add_net /SWDIO)
    (add_net "Net-(C1-Pad1)")
    (add_net "Net-(J1-Pad2)")
    (add_net "Net-(J2-Pad2)")
    (add_net "Net-(J3-Pad10)")
    (add_net "Net-(J3-Pad12)")
    (add_net "Net-(J3-Pad14)")
    (add_net "Net-(J3-Pad16)")
    (add_net "Net-(J3-Pad2)")
    (add_net "Net-(J3-Pad4)")
    (add_net "Net-(J3-Pad6)")
    (add_net "Net-(J3-Pad8)")
    (add_net "Net-(J4-Pad2)")
    (add_net "Net-(J4-Pad4)")
    (add_net "Net-(J4-Pad6)")
    (add_net "Net-(J4-Pad8)")
  )

  (net_class PWR ""
    (clearance 0.2)
    (trace_width 0.6)
    (via_dia 0.8)
    (via_drill 0.6)
    (uvia_dia 0.3)
    (uvia_drill 0.1)
    (add_net +3V3)
    (add_net +5V)
    (add_net GND)
  )

  (module device.farm:SWD (layer F.Cu) (tedit 5C2F8C33) (tstamp 5C2E3BB0)
    (at 181.04 120 180)
    (path /5C2D529E)
    (fp_text reference X2 (at 0 2.54 180) (layer F.SilkS) hide
      (effects (font (size 1 1) (thickness 0.15)))
    )
    (fp_text value SWD (at 0 -2.54 180) (layer F.Fab)
      (effects (font (size 1 1) (thickness 0.15)))
    )
    (fp_line (start -1.27 -1.27) (end -1.27 1.27) (layer F.SilkS) (width 0.15))
    (fp_line (start -3.81 -1.27) (end 3.81 -1.27) (layer F.SilkS) (width 0.15))
    (fp_line (start 3.81 -1.27) (end 3.81 1.27) (layer F.SilkS) (width 0.15))
    (fp_line (start 3.81 1.27) (end -3.81 1.27) (layer F.SilkS) (width 0.15))
    (fp_line (start -3.81 1.27) (end -3.81 -1.27) (layer F.SilkS) (width 0.15))
    (pad 1 thru_hole circle (at -2.54 0 180) (size 1.524 1.524) (drill 1.016) (layers *.Cu *.Mask F.SilkS)
      (net 22 /SWDIO))
    (pad 2 thru_hole circle (at 0 0 180) (size 1.524 1.524) (drill 1.016) (layers *.Cu *.Mask F.SilkS)
      (net 2 GND))
    (pad 3 thru_hole circle (at 2.54 0 180) (size 1.524 1.524) (drill 1.016) (layers *.Cu *.Mask F.SilkS)
      (net 23 /SWCLK))
  )

  (module Capacitor_SMD:C_0805_2012Metric (layer F.Cu) (tedit 5B36C52B) (tstamp 5CFA3D2A)
    (at 181.5 98)
    (descr "Capacitor SMD 0805 (2012 Metric), square (rectangular) end terminal, IPC_7351 nominal, (Body size source: https://docs.google.com/spreadsheets/d/1BsfQQcO9C6DZCsRaXUlFlo91Tg2WpOkGARC1WS5S8t0/edit?usp=sharing), generated with kicad-footprint-generator")
    (tags capacitor)
    (path /5C2D4945)
    (attr smd)
    (fp_text reference C1 (at 0 -1.65) (layer F.SilkS)
      (effects (font (size 1 1) (thickness 0.15)))
    )
    (fp_text value 100n (at 0 1.65) (layer F.Fab)
      (effects (font (size 1 1) (thickness 0.15)))
    )
    (fp_line (start -1 0.6) (end -1 -0.6) (layer F.Fab) (width 0.1))
    (fp_line (start -1 -0.6) (end 1 -0.6) (layer F.Fab) (width 0.1))
    (fp_line (start 1 -0.6) (end 1 0.6) (layer F.Fab) (width 0.1))
    (fp_line (start 1 0.6) (end -1 0.6) (layer F.Fab) (width 0.1))
    (fp_line (start -0.258578 -0.71) (end 0.258578 -0.71) (layer F.SilkS) (width 0.12))
    (fp_line (start -0.258578 0.71) (end 0.258578 0.71) (layer F.SilkS) (width 0.12))
    (fp_line (start -1.68 0.95) (end -1.68 -0.95) (layer F.CrtYd) (width 0.05))
    (fp_line (start -1.68 -0.95) (end 1.68 -0.95) (layer F.CrtYd) (width 0.05))
    (fp_line (start 1.68 -0.95) (end 1.68 0.95) (layer F.CrtYd) (width 0.05))
    (fp_line (start 1.68 0.95) (end -1.68 0.95) (layer F.CrtYd) (width 0.05))
    (fp_text user %R (at 0 0) (layer F.Fab)
      (effects (font (size 0.5 0.5) (thickness 0.08)))
    )
    (pad 1 smd roundrect (at -0.9375 0) (size 0.975 1.4) (layers F.Cu F.Paste F.Mask) (roundrect_rratio 0.25)
      (net 1 "Net-(C1-Pad1)"))
    (pad 2 smd roundrect (at 0.9375 0) (size 0.975 1.4) (layers F.Cu F.Paste F.Mask) (roundrect_rratio 0.25)
      (net 2 GND))
    (model ${KISYS3DMOD}/Capacitor_SMD.3dshapes/C_0805_2012Metric.wrl
      (at (xyz 0 0 0))
      (scale (xyz 1 1 1))
      (rotate (xyz 0 0 0))
    )
  )

  (module Capacitor_SMD:C_0805_2012Metric (layer F.Cu) (tedit 5B36C52B) (tstamp 5CFA465F)
    (at 179 109.25 180)
    (descr "Capacitor SMD 0805 (2012 Metric), square (rectangular) end terminal, IPC_7351 nominal, (Body size source: https://docs.google.com/spreadsheets/d/1BsfQQcO9C6DZCsRaXUlFlo91Tg2WpOkGARC1WS5S8t0/edit?usp=sharing), generated with kicad-footprint-generator")
    (tags capacitor)
    (path /5C2D49B4)
    (attr smd)
    (fp_text reference C2 (at 3.5 0 180) (layer F.SilkS)
      (effects (font (size 1 1) (thickness 0.15)))
    )
    (fp_text value 100n (at 0 1.65 180) (layer F.Fab)
      (effects (font (size 1 1) (thickness 0.15)))
    )
    (fp_text user %R (at 0 0 180) (layer F.Fab)
      (effects (font (size 0.5 0.5) (thickness 0.08)))
    )
    (fp_line (start 1.68 0.95) (end -1.68 0.95) (layer F.CrtYd) (width 0.05))
    (fp_line (start 1.68 -0.95) (end 1.68 0.95) (layer F.CrtYd) (width 0.05))
    (fp_line (start -1.68 -0.95) (end 1.68 -0.95) (layer F.CrtYd) (width 0.05))
    (fp_line (start -1.68 0.95) (end -1.68 -0.95) (layer F.CrtYd) (width 0.05))
    (fp_line (start -0.258578 0.71) (end 0.258578 0.71) (layer F.SilkS) (width 0.12))
    (fp_line (start -0.258578 -0.71) (end 0.258578 -0.71) (layer F.SilkS) (width 0.12))
    (fp_line (start 1 0.6) (end -1 0.6) (layer F.Fab) (width 0.1))
    (fp_line (start 1 -0.6) (end 1 0.6) (layer F.Fab) (width 0.1))
    (fp_line (start -1 -0.6) (end 1 -0.6) (layer F.Fab) (width 0.1))
    (fp_line (start -1 0.6) (end -1 -0.6) (layer F.Fab) (width 0.1))
    (pad 2 smd roundrect (at 0.9375 0 180) (size 0.975 1.4) (layers F.Cu F.Paste F.Mask) (roundrect_rratio 0.25)
      (net 2 GND))
    (pad 1 smd roundrect (at -0.9375 0 180) (size 0.975 1.4) (layers F.Cu F.Paste F.Mask) (roundrect_rratio 0.25)
      (net 3 +3V3))
    (model ${KISYS3DMOD}/Capacitor_SMD.3dshapes/C_0805_2012Metric.wrl
      (at (xyz 0 0 0))
      (scale (xyz 1 1 1))
      (rotate (xyz 0 0 0))
    )
  )

  (module Capacitor_SMD:C_0805_2012Metric (layer F.Cu) (tedit 5B36C52B) (tstamp 5CFA3D4A)
    (at 173.5 101 270)
    (descr "Capacitor SMD 0805 (2012 Metric), square (rectangular) end terminal, IPC_7351 nominal, (Body size source: https://docs.google.com/spreadsheets/d/1BsfQQcO9C6DZCsRaXUlFlo91Tg2WpOkGARC1WS5S8t0/edit?usp=sharing), generated with kicad-footprint-generator")
    (tags capacitor)
    (path /5C2D49F5)
    (attr smd)
    (fp_text reference C3 (at 0 -1.65 270) (layer F.SilkS)
      (effects (font (size 1 1) (thickness 0.15)))
    )
    (fp_text value 100n (at 0 1.65 270) (layer F.Fab)
      (effects (font (size 1 1) (thickness 0.15)))
    )
    (fp_line (start -1 0.6) (end -1 -0.6) (layer F.Fab) (width 0.1))
    (fp_line (start -1 -0.6) (end 1 -0.6) (layer F.Fab) (width 0.1))
    (fp_line (start 1 -0.6) (end 1 0.6) (layer F.Fab) (width 0.1))
    (fp_line (start 1 0.6) (end -1 0.6) (layer F.Fab) (width 0.1))
    (fp_line (start -0.258578 -0.71) (end 0.258578 -0.71) (layer F.SilkS) (width 0.12))
    (fp_line (start -0.258578 0.71) (end 0.258578 0.71) (layer F.SilkS) (width 0.12))
    (fp_line (start -1.68 0.95) (end -1.68 -0.95) (layer F.CrtYd) (width 0.05))
    (fp_line (start -1.68 -0.95) (end 1.68 -0.95) (layer F.CrtYd) (width 0.05))
    (fp_line (start 1.68 -0.95) (end 1.68 0.95) (layer F.CrtYd) (width 0.05))
    (fp_line (start 1.68 0.95) (end -1.68 0.95) (layer F.CrtYd) (width 0.05))
    (fp_text user %R (at 0 0 270) (layer F.Fab)
      (effects (font (size 0.5 0.5) (thickness 0.08)))
    )
    (pad 1 smd roundrect (at -0.9375 0 270) (size 0.975 1.4) (layers F.Cu F.Paste F.Mask) (roundrect_rratio 0.25)
      (net 2 GND))
    (pad 2 smd roundrect (at 0.9375 0 270) (size 0.975 1.4) (layers F.Cu F.Paste F.Mask) (roundrect_rratio 0.25)
      (net 3 +3V3))
    (model ${KISYS3DMOD}/Capacitor_SMD.3dshapes/C_0805_2012Metric.wrl
      (at (xyz 0 0 0))
      (scale (xyz 1 1 1))
      (rotate (xyz 0 0 0))
    )
  )

  (module Jumper:SolderJumper-3_P1.3mm_Open_Pad1.0x1.5mm (layer F.Cu) (tedit 5CED5E80) (tstamp 5CFA3D5A)
    (at 185 93 180)
    (descr "SMD Solder 3-pad Jumper, 1x1.5mm Pads, 0.3mm gap, open")
    (tags "solder jumper open")
    (path /5C2D5CA6)
    (attr virtual)
    (fp_text reference J1 (at 0 -1.8 180) (layer F.SilkS) hide
      (effects (font (size 1 1) (thickness 0.15)))
    )
    (fp_text value GS3 (at 0 2 180) (layer F.Fab)
      (effects (font (size 1 1) (thickness 0.15)))
    )
    (fp_line (start -1.3 1.2) (end -1 1.5) (layer F.SilkS) (width 0.12))
    (fp_line (start -1.6 1.5) (end -1 1.5) (layer F.SilkS) (width 0.12))
    (fp_line (start -1.3 1.2) (end -1.6 1.5) (layer F.SilkS) (width 0.12))
    (fp_line (start -2.05 1) (end -2.05 -1) (layer F.SilkS) (width 0.12))
    (fp_line (start 2.05 1) (end -2.05 1) (layer F.SilkS) (width 0.12))
    (fp_line (start 2.05 -1) (end 2.05 1) (layer F.SilkS) (width 0.12))
    (fp_line (start -2.05 -1) (end 2.05 -1) (layer F.SilkS) (width 0.12))
    (fp_line (start -2.3 -1.25) (end 2.3 -1.25) (layer F.CrtYd) (width 0.05))
    (fp_line (start -2.3 -1.25) (end -2.3 1.25) (layer F.CrtYd) (width 0.05))
    (fp_line (start 2.3 1.25) (end 2.3 -1.25) (layer F.CrtYd) (width 0.05))
    (fp_line (start 2.3 1.25) (end -2.3 1.25) (layer F.CrtYd) (width 0.05))
    (pad 3 smd rect (at 1.3 0 180) (size 1 1.5) (layers F.Cu F.Mask)
      (net 3 +3V3))
    (pad 2 smd rect (at 0 0 180) (size 1 1.5) (layers F.Cu F.Mask)
      (net 4 "Net-(J1-Pad2)"))
    (pad 1 smd rect (at -1.3 0 180) (size 1 1.5) (layers F.Cu F.Mask)
      (net 2 GND))
  )

  (module Jumper:SolderJumper-3_P1.3mm_Open_Pad1.0x1.5mm (layer F.Cu) (tedit 5CED5E86) (tstamp 5CFA3D6B)
    (at 180 93 180)
    (descr "SMD Solder 3-pad Jumper, 1x1.5mm Pads, 0.3mm gap, open")
    (tags "solder jumper open")
    (path /5C2D5D1D)
    (attr virtual)
    (fp_text reference J2 (at 0 -1.8 180) (layer F.SilkS) hide
      (effects (font (size 1 1) (thickness 0.15)))
    )
    (fp_text value GS3 (at 0 2 180) (layer F.Fab)
      (effects (font (size 1 1) (thickness 0.15)))
    )
    (fp_line (start 2.3 1.25) (end -2.3 1.25) (layer F.CrtYd) (width 0.05))
    (fp_line (start 2.3 1.25) (end 2.3 -1.25) (layer F.CrtYd) (width 0.05))
    (fp_line (start -2.3 -1.25) (end -2.3 1.25) (layer F.CrtYd) (width 0.05))
    (fp_line (start -2.3 -1.25) (end 2.3 -1.25) (layer F.CrtYd) (width 0.05))
    (fp_line (start -2.05 -1) (end 2.05 -1) (layer F.SilkS) (width 0.12))
    (fp_line (start 2.05 -1) (end 2.05 1) (layer F.SilkS) (width 0.12))
    (fp_line (start 2.05 1) (end -2.05 1) (layer F.SilkS) (width 0.12))
    (fp_line (start -2.05 1) (end -2.05 -1) (layer F.SilkS) (width 0.12))
    (fp_line (start -1.3 1.2) (end -1.6 1.5) (layer F.SilkS) (width 0.12))
    (fp_line (start -1.6 1.5) (end -1 1.5) (layer F.SilkS) (width 0.12))
    (fp_line (start -1.3 1.2) (end -1 1.5) (layer F.SilkS) (width 0.12))
    (pad 1 smd rect (at -1.3 0 180) (size 1 1.5) (layers F.Cu F.Mask)
      (net 2 GND))
    (pad 2 smd rect (at 0 0 180) (size 1 1.5) (layers F.Cu F.Mask)
      (net 5 "Net-(J2-Pad2)"))
    (pad 3 smd rect (at 1.3 0 180) (size 1 1.5) (layers F.Cu F.Mask)
      (net 3 +3V3))
  )

  (module Connector_PinHeader_2.54mm:PinHeader_2x08_P2.54mm_Vertical (layer F.Cu) (tedit 59FED5CC) (tstamp 5CFA3D7C)
    (at 164.37 92.71)
    (descr "Through hole straight pin header, 2x08, 2.54mm pitch, double rows")
    (tags "Through hole pin header THT 2x08 2.54mm double row")
    (path /5C2E3C8F)
    (fp_text reference J3 (at 1.27 -2.33) (layer F.SilkS)
      (effects (font (size 1 1) (thickness 0.15)))
    )
    (fp_text value Buttons (at 1.27 20.11) (layer F.Fab)
      (effects (font (size 1 1) (thickness 0.15)))
    )
    (fp_line (start 0 -1.27) (end 3.81 -1.27) (layer F.Fab) (width 0.1))
    (fp_line (start 3.81 -1.27) (end 3.81 19.05) (layer F.Fab) (width 0.1))
    (fp_line (start 3.81 19.05) (end -1.27 19.05) (layer F.Fab) (width 0.1))
    (fp_line (start -1.27 19.05) (end -1.27 0) (layer F.Fab) (width 0.1))
    (fp_line (start -1.27 0) (end 0 -1.27) (layer F.Fab) (width 0.1))
    (fp_line (start -1.33 19.11) (end 3.87 19.11) (layer F.SilkS) (width 0.12))
    (fp_line (start -1.33 1.27) (end -1.33 19.11) (layer F.SilkS) (width 0.12))
    (fp_line (start 3.87 -1.33) (end 3.87 19.11) (layer F.SilkS) (width 0.12))
    (fp_line (start -1.33 1.27) (end 1.27 1.27) (layer F.SilkS) (width 0.12))
    (fp_line (start 1.27 1.27) (end 1.27 -1.33) (layer F.SilkS) (width 0.12))
    (fp_line (start 1.27 -1.33) (end 3.87 -1.33) (layer F.SilkS) (width 0.12))
    (fp_line (start -1.33 0) (end -1.33 -1.33) (layer F.SilkS) (width 0.12))
    (fp_line (start -1.33 -1.33) (end 0 -1.33) (layer F.SilkS) (width 0.12))
    (fp_line (start -1.8 -1.8) (end -1.8 19.55) (layer F.CrtYd) (width 0.05))
    (fp_line (start -1.8 19.55) (end 4.35 19.55) (layer F.CrtYd) (width 0.05))
    (fp_line (start 4.35 19.55) (end 4.35 -1.8) (layer F.CrtYd) (width 0.05))
    (fp_line (start 4.35 -1.8) (end -1.8 -1.8) (layer F.CrtYd) (width 0.05))
    (fp_text user %R (at 1.27 8.89 90) (layer F.Fab)
      (effects (font (size 1 1) (thickness 0.15)))
    )
    (pad 1 thru_hole rect (at 0 0) (size 1.7 1.7) (drill 1) (layers *.Cu *.Mask)
      (net 2 GND))
    (pad 2 thru_hole oval (at 2.54 0) (size 1.7 1.7) (drill 1) (layers *.Cu *.Mask)
      (net 6 "Net-(J3-Pad2)"))
    (pad 3 thru_hole oval (at 0 2.54) (size 1.7 1.7) (drill 1) (layers *.Cu *.Mask)
      (net 2 GND))
    (pad 4 thru_hole oval (at 2.54 2.54) (size 1.7 1.7) (drill 1) (layers *.Cu *.Mask)
      (net 7 "Net-(J3-Pad4)"))
    (pad 5 thru_hole oval (at 0 5.08) (size 1.7 1.7) (drill 1) (layers *.Cu *.Mask)
      (net 2 GND))
    (pad 6 thru_hole oval (at 2.54 5.08) (size 1.7 1.7) (drill 1) (layers *.Cu *.Mask)
      (net 8 "Net-(J3-Pad6)"))
    (pad 7 thru_hole oval (at 0 7.62) (size 1.7 1.7) (drill 1) (layers *.Cu *.Mask)
      (net 2 GND))
    (pad 8 thru_hole oval (at 2.54 7.62) (size 1.7 1.7) (drill 1) (layers *.Cu *.Mask)
      (net 9 "Net-(J3-Pad8)"))
    (pad 9 thru_hole oval (at 0 10.16) (size 1.7 1.7) (drill 1) (layers *.Cu *.Mask)
      (net 2 GND))
    (pad 10 thru_hole oval (at 2.54 10.16) (size 1.7 1.7) (drill 1) (layers *.Cu *.Mask)
      (net 10 "Net-(J3-Pad10)"))
    (pad 11 thru_hole oval (at 0 12.7) (size 1.7 1.7) (drill 1) (layers *.Cu *.Mask)
      (net 2 GND))
    (pad 12 thru_hole oval (at 2.54 12.7) (size 1.7 1.7) (drill 1) (layers *.Cu *.Mask)
      (net 11 "Net-(J3-Pad12)"))
    (pad 13 thru_hole oval (at 0 15.24) (size 1.7 1.7) (drill 1) (layers *.Cu *.Mask)
      (net 2 GND))
    (pad 14 thru_hole oval (at 2.54 15.24) (size 1.7 1.7) (drill 1) (layers *.Cu *.Mask)
      (net 12 "Net-(J3-Pad14)"))
    (pad 15 thru_hole oval (at 0 17.78) (size 1.7 1.7) (drill 1) (layers *.Cu *.Mask)
      (net 2 GND))
    (pad 16 thru_hole oval (at 2.54 17.78) (size 1.7 1.7) (drill 1) (layers *.Cu *.Mask)
      (net 13 "Net-(J3-Pad16)"))
    (model ${KISYS3DMOD}/Connector_PinHeader_2.54mm.3dshapes/PinHeader_2x08_P2.54mm_Vertical.wrl
      (at (xyz 0 0 0))
      (scale (xyz 1 1 1))
      (rotate (xyz 0 0 0))
    )
  )

  (module Connector_PinHeader_2.54mm:PinHeader_2x04_P2.54mm_Vertical (layer F.Cu) (tedit 59FED5CC) (tstamp 5CFA3DA1)
    (at 164.37 113.03)
    (descr "Through hole straight pin header, 2x04, 2.54mm pitch, double rows")
    (tags "Through hole pin header THT 2x04 2.54mm double row")
    (path /5C2E403E)
    (fp_text reference J4 (at 1.27 -2.33) (layer F.SilkS)
      (effects (font (size 1 1) (thickness 0.15)))
    )
    (fp_text value LEDs (at 1.27 9.95) (layer F.Fab)
      (effects (font (size 1 1) (thickness 0.15)))
    )
    (fp_line (start 0 -1.27) (end 3.81 -1.27) (layer F.Fab) (width 0.1))
    (fp_line (start 3.81 -1.27) (end 3.81 8.89) (layer F.Fab) (width 0.1))
    (fp_line (start 3.81 8.89) (end -1.27 8.89) (layer F.Fab) (width 0.1))
    (fp_line (start -1.27 8.89) (end -1.27 0) (layer F.Fab) (width 0.1))
    (fp_line (start -1.27 0) (end 0 -1.27) (layer F.Fab) (width 0.1))
    (fp_line (start -1.33 8.95) (end 3.87 8.95) (layer F.SilkS) (width 0.12))
    (fp_line (start -1.33 1.27) (end -1.33 8.95) (layer F.SilkS) (width 0.12))
    (fp_line (start 3.87 -1.33) (end 3.87 8.95) (layer F.SilkS) (width 0.12))
    (fp_line (start -1.33 1.27) (end 1.27 1.27) (layer F.SilkS) (width 0.12))
    (fp_line (start 1.27 1.27) (end 1.27 -1.33) (layer F.SilkS) (width 0.12))
    (fp_line (start 1.27 -1.33) (end 3.87 -1.33) (layer F.SilkS) (width 0.12))
    (fp_line (start -1.33 0) (end -1.33 -1.33) (layer F.SilkS) (width 0.12))
    (fp_line (start -1.33 -1.33) (end 0 -1.33) (layer F.SilkS) (width 0.12))
    (fp_line (start -1.8 -1.8) (end -1.8 9.4) (layer F.CrtYd) (width 0.05))
    (fp_line (start -1.8 9.4) (end 4.35 9.4) (layer F.CrtYd) (width 0.05))
    (fp_line (start 4.35 9.4) (end 4.35 -1.8) (layer F.CrtYd) (width 0.05))
    (fp_line (start 4.35 -1.8) (end -1.8 -1.8) (layer F.CrtYd) (width 0.05))
    (fp_text user %R (at 1.27 3.81 90) (layer F.Fab)
      (effects (font (size 1 1) (thickness 0.15)))
    )
    (pad 1 thru_hole rect (at 0 0) (size 1.7 1.7) (drill 1) (layers *.Cu *.Mask)
      (net 2 GND))
    (pad 2 thru_hole oval (at 2.54 0) (size 1.7 1.7) (drill 1) (layers *.Cu *.Mask)
      (net 14 "Net-(J4-Pad2)"))
    (pad 3 thru_hole oval (at 0 2.54) (size 1.7 1.7) (drill 1) (layers *.Cu *.Mask)
      (net 2 GND))
    (pad 4 thru_hole oval (at 2.54 2.54) (size 1.7 1.7) (drill 1) (layers *.Cu *.Mask)
      (net 15 "Net-(J4-Pad4)"))
    (pad 5 thru_hole oval (at 0 5.08) (size 1.7 1.7) (drill 1) (layers *.Cu *.Mask)
      (net 2 GND))
    (pad 6 thru_hole oval (at 2.54 5.08) (size 1.7 1.7) (drill 1) (layers *.Cu *.Mask)
      (net 16 "Net-(J4-Pad6)"))
    (pad 7 thru_hole oval (at 0 7.62) (size 1.7 1.7) (drill 1) (layers *.Cu *.Mask)
      (net 2 GND))
    (pad 8 thru_hole oval (at 2.54 7.62) (size 1.7 1.7) (drill 1) (layers *.Cu *.Mask)
      (net 17 "Net-(J4-Pad8)"))
    (model ${KISYS3DMOD}/Connector_PinHeader_2.54mm.3dshapes/PinHeader_2x04_P2.54mm_Vertical.wrl
      (at (xyz 0 0 0))
      (scale (xyz 1 1 1))
      (rotate (xyz 0 0 0))
    )
  )

  (module Resistor_SMD:R_0805_2012Metric (layer F.Cu) (tedit 5B36C52B) (tstamp 5CFA3DBE)
    (at 173.5 113.5 90)
    (descr "Resistor SMD 0805 (2012 Metric), square (rectangular) end terminal, IPC_7351 nominal, (Body size source: https://docs.google.com/spreadsheets/d/1BsfQQcO9C6DZCsRaXUlFlo91Tg2WpOkGARC1WS5S8t0/edit?usp=sharing), generated with kicad-footprint-generator")
    (tags resistor)
    (path /5C2E41CE)
    (attr smd)
    (fp_text reference R1 (at 2.5 0 180) (layer F.SilkS)
      (effects (font (size 1 1) (thickness 0.15)))
    )
    (fp_text value 270R (at 0 1.65 90) (layer F.Fab)
      (effects (font (size 1 1) (thickness 0.15)))
    )
    (fp_line (start -1 0.6) (end -1 -0.6) (layer F.Fab) (width 0.1))
    (fp_line (start -1 -0.6) (end 1 -0.6) (layer F.Fab) (width 0.1))
    (fp_line (start 1 -0.6) (end 1 0.6) (layer F.Fab) (width 0.1))
    (fp_line (start 1 0.6) (end -1 0.6) (layer F.Fab) (width 0.1))
    (fp_line (start -0.258578 -0.71) (end 0.258578 -0.71) (layer F.SilkS) (width 0.12))
    (fp_line (start -0.258578 0.71) (end 0.258578 0.71) (layer F.SilkS) (width 0.12))
    (fp_line (start -1.68 0.95) (end -1.68 -0.95) (layer F.CrtYd) (width 0.05))
    (fp_line (start -1.68 -0.95) (end 1.68 -0.95) (layer F.CrtYd) (width 0.05))
    (fp_line (start 1.68 -0.95) (end 1.68 0.95) (layer F.CrtYd) (width 0.05))
    (fp_line (start 1.68 0.95) (end -1.68 0.95) (layer F.CrtYd) (width 0.05))
    (fp_text user %R (at 0 0 90) (layer F.Fab)
      (effects (font (size 0.5 0.5) (thickness 0.08)))
    )
    (pad 1 smd roundrect (at -0.9375 0 90) (size 0.975 1.4) (layers F.Cu F.Paste F.Mask) (roundrect_rratio 0.25)
      (net 14 "Net-(J4-Pad2)"))
    (pad 2 smd roundrect (at 0.9375 0 90) (size 0.975 1.4) (layers F.Cu F.Paste F.Mask) (roundrect_rratio 0.25)
      (net 18 +5V))
    (model ${KISYS3DMOD}/Resistor_SMD.3dshapes/R_0805_2012Metric.wrl
      (at (xyz 0 0 0))
      (scale (xyz 1 1 1))
      (rotate (xyz 0 0 0))
    )
  )

  (module Resistor_SMD:R_0805_2012Metric (layer F.Cu) (tedit 5B36C52B) (tstamp 5CFA3DCE)
    (at 176 113.5 90)
    (descr "Resistor SMD 0805 (2012 Metric), square (rectangular) end terminal, IPC_7351 nominal, (Body size source: https://docs.google.com/spreadsheets/d/1BsfQQcO9C6DZCsRaXUlFlo91Tg2WpOkGARC1WS5S8t0/edit?usp=sharing), generated with kicad-footprint-generator")
    (tags resistor)
    (path /5C2E46B3)
    (attr smd)
    (fp_text reference R2 (at 2.5 0 180) (layer F.SilkS)
      (effects (font (size 1 1) (thickness 0.15)))
    )
    (fp_text value 270R (at 0 1.65 90) (layer F.Fab)
      (effects (font (size 1 1) (thickness 0.15)))
    )
    (fp_text user %R (at 0 0 90) (layer F.Fab)
      (effects (font (size 0.5 0.5) (thickness 0.08)))
    )
    (fp_line (start 1.68 0.95) (end -1.68 0.95) (layer F.CrtYd) (width 0.05))
    (fp_line (start 1.68 -0.95) (end 1.68 0.95) (layer F.CrtYd) (width 0.05))
    (fp_line (start -1.68 -0.95) (end 1.68 -0.95) (layer F.CrtYd) (width 0.05))
    (fp_line (start -1.68 0.95) (end -1.68 -0.95) (layer F.CrtYd) (width 0.05))
    (fp_line (start -0.258578 0.71) (end 0.258578 0.71) (layer F.SilkS) (width 0.12))
    (fp_line (start -0.258578 -0.71) (end 0.258578 -0.71) (layer F.SilkS) (width 0.12))
    (fp_line (start 1 0.6) (end -1 0.6) (layer F.Fab) (width 0.1))
    (fp_line (start 1 -0.6) (end 1 0.6) (layer F.Fab) (width 0.1))
    (fp_line (start -1 -0.6) (end 1 -0.6) (layer F.Fab) (width 0.1))
    (fp_line (start -1 0.6) (end -1 -0.6) (layer F.Fab) (width 0.1))
    (pad 2 smd roundrect (at 0.9375 0 90) (size 0.975 1.4) (layers F.Cu F.Paste F.Mask) (roundrect_rratio 0.25)
      (net 18 +5V))
    (pad 1 smd roundrect (at -0.9375 0 90) (size 0.975 1.4) (layers F.Cu F.Paste F.Mask) (roundrect_rratio 0.25)
      (net 15 "Net-(J4-Pad4)"))
    (model ${KISYS3DMOD}/Resistor_SMD.3dshapes/R_0805_2012Metric.wrl
      (at (xyz 0 0 0))
      (scale (xyz 1 1 1))
      (rotate (xyz 0 0 0))
    )
  )

  (module Resistor_SMD:R_0805_2012Metric (layer F.Cu) (tedit 5B36C52B) (tstamp 5CFA3DDE)
    (at 178.5 113.5 90)
    (descr "Resistor SMD 0805 (2012 Metric), square (rectangular) end terminal, IPC_7351 nominal, (Body size source: https://docs.google.com/spreadsheets/d/1BsfQQcO9C6DZCsRaXUlFlo91Tg2WpOkGARC1WS5S8t0/edit?usp=sharing), generated with kicad-footprint-generator")
    (tags resistor)
    (path /5C2E471F)
    (attr smd)
    (fp_text reference R3 (at 2.5 0 180) (layer F.SilkS)
      (effects (font (size 1 1) (thickness 0.15)))
    )
    (fp_text value 270R (at 0 1.65 90) (layer F.Fab)
      (effects (font (size 1 1) (thickness 0.15)))
    )
    (fp_line (start -1 0.6) (end -1 -0.6) (layer F.Fab) (width 0.1))
    (fp_line (start -1 -0.6) (end 1 -0.6) (layer F.Fab) (width 0.1))
    (fp_line (start 1 -0.6) (end 1 0.6) (layer F.Fab) (width 0.1))
    (fp_line (start 1 0.6) (end -1 0.6) (layer F.Fab) (width 0.1))
    (fp_line (start -0.258578 -0.71) (end 0.258578 -0.71) (layer F.SilkS) (width 0.12))
    (fp_line (start -0.258578 0.71) (end 0.258578 0.71) (layer F.SilkS) (width 0.12))
    (fp_line (start -1.68 0.95) (end -1.68 -0.95) (layer F.CrtYd) (width 0.05))
    (fp_line (start -1.68 -0.95) (end 1.68 -0.95) (layer F.CrtYd) (width 0.05))
    (fp_line (start 1.68 -0.95) (end 1.68 0.95) (layer F.CrtYd) (width 0.05))
    (fp_line (start 1.68 0.95) (end -1.68 0.95) (layer F.CrtYd) (width 0.05))
    (fp_text user %R (at 0 0 90) (layer F.Fab)
      (effects (font (size 0.5 0.5) (thickness 0.08)))
    )
    (pad 1 smd roundrect (at -0.9375 0 90) (size 0.975 1.4) (layers F.Cu F.Paste F.Mask) (roundrect_rratio 0.25)
      (net 16 "Net-(J4-Pad6)"))
    (pad 2 smd roundrect (at 0.9375 0 90) (size 0.975 1.4) (layers F.Cu F.Paste F.Mask) (roundrect_rratio 0.25)
      (net 18 +5V))
    (model ${KISYS3DMOD}/Resistor_SMD.3dshapes/R_0805_2012Metric.wrl
      (at (xyz 0 0 0))
      (scale (xyz 1 1 1))
      (rotate (xyz 0 0 0))
    )
  )

  (module Resistor_SMD:R_0805_2012Metric (layer F.Cu) (tedit 5B36C52B) (tstamp 5CFA3DEE)
    (at 181 113.5 90)
    (descr "Resistor SMD 0805 (2012 Metric), square (rectangular) end terminal, IPC_7351 nominal, (Body size source: https://docs.google.com/spreadsheets/d/1BsfQQcO9C6DZCsRaXUlFlo91Tg2WpOkGARC1WS5S8t0/edit?usp=sharing), generated with kicad-footprint-generator")
    (tags resistor)
    (path /5C2E476F)
    (attr smd)
    (fp_text reference R4 (at 2.5 0 180) (layer F.SilkS)
      (effects (font (size 1 1) (thickness 0.15)))
    )
    (fp_text value 270R (at 0 1.65 90) (layer F.Fab)
      (effects (font (size 1 1) (thickness 0.15)))
    )
    (fp_text user %R (at 0 0 90) (layer F.Fab)
      (effects (font (size 0.5 0.5) (thickness 0.08)))
    )
    (fp_line (start 1.68 0.95) (end -1.68 0.95) (layer F.CrtYd) (width 0.05))
    (fp_line (start 1.68 -0.95) (end 1.68 0.95) (layer F.CrtYd) (width 0.05))
    (fp_line (start -1.68 -0.95) (end 1.68 -0.95) (layer F.CrtYd) (width 0.05))
    (fp_line (start -1.68 0.95) (end -1.68 -0.95) (layer F.CrtYd) (width 0.05))
    (fp_line (start -0.258578 0.71) (end 0.258578 0.71) (layer F.SilkS) (width 0.12))
    (fp_line (start -0.258578 -0.71) (end 0.258578 -0.71) (layer F.SilkS) (width 0.12))
    (fp_line (start 1 0.6) (end -1 0.6) (layer F.Fab) (width 0.1))
    (fp_line (start 1 -0.6) (end 1 0.6) (layer F.Fab) (width 0.1))
    (fp_line (start -1 -0.6) (end 1 -0.6) (layer F.Fab) (width 0.1))
    (fp_line (start -1 0.6) (end -1 -0.6) (layer F.Fab) (width 0.1))
    (pad 2 smd roundrect (at 0.9375 0 90) (size 0.975 1.4) (layers F.Cu F.Paste F.Mask) (roundrect_rratio 0.25)
      (net 18 +5V))
    (pad 1 smd roundrect (at -0.9375 0 90) (size 0.975 1.4) (layers F.Cu F.Paste F.Mask) (roundrect_rratio 0.25)
      (net 17 "Net-(J4-Pad8)"))
    (model ${KISYS3DMOD}/Resistor_SMD.3dshapes/R_0805_2012Metric.wrl
      (at (xyz 0 0 0))
      (scale (xyz 1 1 1))
      (rotate (xyz 0 0 0))
    )
  )

  (module Package_SO:SSOP-20_4.4x6.5mm_P0.65mm (layer F.Cu) (tedit 5A02F25C) (tstamp 5CFA3DFE)
    (at 179.5 103.5 270)
    (descr "SSOP20: plastic shrink small outline package; 20 leads; body width 4.4 mm; (see NXP SSOP-TSSOP-VSO-REFLOW.pdf and sot266-1_po.pdf)")
    (tags "SSOP 0.65")
    (path /5C2D459B)
    (attr smd)
    (fp_text reference U1 (at 0 -4.3 270) (layer F.SilkS)
      (effects (font (size 1 1) (thickness 0.15)))
    )
    (fp_text value STM32F030F4Px (at 0 4.3 270) (layer F.Fab)
      (effects (font (size 1 1) (thickness 0.15)))
    )
    (fp_line (start -1.2 -3.25) (end 2.2 -3.25) (layer F.Fab) (width 0.15))
    (fp_line (start 2.2 -3.25) (end 2.2 3.25) (layer F.Fab) (width 0.15))
    (fp_line (start 2.2 3.25) (end -2.2 3.25) (layer F.Fab) (width 0.15))
    (fp_line (start -2.2 3.25) (end -2.2 -2.25) (layer F.Fab) (width 0.15))
    (fp_line (start -2.2 -2.25) (end -1.2 -3.25) (layer F.Fab) (width 0.15))
    (fp_line (start -3.65 -3.55) (end -3.65 3.55) (layer F.CrtYd) (width 0.05))
    (fp_line (start 3.65 -3.55) (end 3.65 3.55) (layer F.CrtYd) (width 0.05))
    (fp_line (start -3.65 -3.55) (end 3.65 -3.55) (layer F.CrtYd) (width 0.05))
    (fp_line (start -3.65 3.55) (end 3.65 3.55) (layer F.CrtYd) (width 0.05))
    (fp_line (start 2.325 -3.45) (end 2.325 -3.35) (layer F.SilkS) (width 0.15))
    (fp_line (start 2.325 3.375) (end 2.325 3.35) (layer F.SilkS) (width 0.15))
    (fp_line (start -2.325 3.375) (end -2.325 3.35) (layer F.SilkS) (width 0.15))
    (fp_line (start -3.4 -3.45) (end 2.325 -3.45) (layer F.SilkS) (width 0.15))
    (fp_line (start -2.325 3.375) (end 2.325 3.375) (layer F.SilkS) (width 0.15))
    (fp_text user %R (at 0 0 270) (layer F.Fab)
      (effects (font (size 0.8 0.8) (thickness 0.15)))
    )
    (pad 1 smd rect (at -2.9 -2.925 270) (size 1 0.4) (layers F.Cu F.Paste F.Mask)
      (net 2 GND))
    (pad 2 smd rect (at -2.9 -2.275 270) (size 1 0.4) (layers F.Cu F.Paste F.Mask)
      (net 4 "Net-(J1-Pad2)"))
    (pad 3 smd rect (at -2.9 -1.625 270) (size 1 0.4) (layers F.Cu F.Paste F.Mask)
      (net 5 "Net-(J2-Pad2)"))
    (pad 4 smd rect (at -2.9 -0.975 270) (size 1 0.4) (layers F.Cu F.Paste F.Mask)
      (net 1 "Net-(C1-Pad1)"))
    (pad 5 smd rect (at -2.9 -0.325 270) (size 1 0.4) (layers F.Cu F.Paste F.Mask)
      (net 3 +3V3))
    (pad 6 smd rect (at -2.9 0.325 270) (size 1 0.4) (layers F.Cu F.Paste F.Mask)
      (net 6 "Net-(J3-Pad2)"))
    (pad 7 smd rect (at -2.9 0.975 270) (size 1 0.4) (layers F.Cu F.Paste F.Mask)
      (net 7 "Net-(J3-Pad4)"))
    (pad 8 smd rect (at -2.9 1.625 270) (size 1 0.4) (layers F.Cu F.Paste F.Mask)
      (net 8 "Net-(J3-Pad6)"))
    (pad 9 smd rect (at -2.9 2.275 270) (size 1 0.4) (layers F.Cu F.Paste F.Mask)
      (net 9 "Net-(J3-Pad8)"))
    (pad 10 smd rect (at -2.9 2.925 270) (size 1 0.4) (layers F.Cu F.Paste F.Mask)
      (net 10 "Net-(J3-Pad10)"))
    (pad 11 smd rect (at 2.9 2.925 270) (size 1 0.4) (layers F.Cu F.Paste F.Mask)
      (net 11 "Net-(J3-Pad12)"))
    (pad 12 smd rect (at 2.9 2.275 270) (size 1 0.4) (layers F.Cu F.Paste F.Mask)
      (net 12 "Net-(J3-Pad14)"))
    (pad 13 smd rect (at 2.9 1.625 270) (size 1 0.4) (layers F.Cu F.Paste F.Mask)
      (net 19 /ALERT))
    (pad 14 smd rect (at 2.9 0.975 270) (size 1 0.4) (layers F.Cu F.Paste F.Mask)
      (net 13 "Net-(J3-Pad16)"))
    (pad 15 smd rect (at 2.9 0.325 270) (size 1 0.4) (layers F.Cu F.Paste F.Mask)
      (net 2 GND))
    (pad 16 smd rect (at 2.9 -0.325 270) (size 1 0.4) (layers F.Cu F.Paste F.Mask)
      (net 3 +3V3))
    (pad 17 smd rect (at 2.9 -0.975 270) (size 1 0.4) (layers F.Cu F.Paste F.Mask)
      (net 20 /SCL))
    (pad 18 smd rect (at 2.9 -1.625 270) (size 1 0.4) (layers F.Cu F.Paste F.Mask)
      (net 21 /SDA))
    (pad 19 smd rect (at 2.9 -2.275 270) (size 1 0.4) (layers F.Cu F.Paste F.Mask)
      (net 22 /SWDIO))
    (pad 20 smd rect (at 2.9 -2.925 270) (size 1 0.4) (layers F.Cu F.Paste F.Mask)
      (net 23 /SWCLK))
    (model ${KISYS3DMOD}/Package_SO.3dshapes/SSOP-20_4.4x6.5mm_P0.65mm.wrl
      (at (xyz 0 0 0))
      (scale (xyz 1 1 1))
      (rotate (xyz 0 0 0))
    )
  )

  (module Connector_IDC:IDC-Header_2x03_P2.54mm_Vertical (layer F.Cu) (tedit 5CED5F34) (tstamp 5CFA46E9)
    (at 189 103.46)
    (descr "Through hole straight IDC box header, 2x03, 2.54mm pitch, double rows")
    (tags "Through hole IDC box header THT 2x03 2.54mm double row")
    (path /5C2D4514)
    (fp_text reference X1 (at 1.27 -6.604) (layer F.SilkS) hide
      (effects (font (size 1 1) (thickness 0.15)))
    )
    (fp_text value I2C-6P (at 1.27 11.684) (layer F.Fab)
      (effects (font (size 1 1) (thickness 0.15)))
    )
    (fp_text user %R (at 1.27 2.54) (layer F.Fab)
      (effects (font (size 1 1) (thickness 0.15)))
    )
    (fp_line (start 5.695 -5.1) (end 5.695 10.18) (layer F.Fab) (width 0.1))
    (fp_line (start 5.145 -4.56) (end 5.145 9.62) (layer F.Fab) (width 0.1))
    (fp_line (start -3.155 -5.1) (end -3.155 10.18) (layer F.Fab) (width 0.1))
    (fp_line (start -2.605 -4.56) (end -2.605 0.29) (layer F.Fab) (width 0.1))
    (fp_line (start -2.605 4.79) (end -2.605 9.62) (layer F.Fab) (width 0.1))
    (fp_line (start -2.605 0.29) (end -3.155 0.29) (layer F.Fab) (width 0.1))
    (fp_line (start -2.605 4.79) (end -3.155 4.79) (layer F.Fab) (width 0.1))
    (fp_line (start 5.695 -5.1) (end -3.155 -5.1) (layer F.Fab) (width 0.1))
    (fp_line (start 5.145 -4.56) (end -2.605 -4.56) (layer F.Fab) (width 0.1))
    (fp_line (start 5.695 10.18) (end -3.155 10.18) (layer F.Fab) (width 0.1))
    (fp_line (start 5.145 9.62) (end -2.605 9.62) (layer F.Fab) (width 0.1))
    (fp_line (start 5.695 -5.1) (end 5.145 -4.56) (layer F.Fab) (width 0.1))
    (fp_line (start 5.695 10.18) (end 5.145 9.62) (layer F.Fab) (width 0.1))
    (fp_line (start -3.155 -5.1) (end -2.605 -4.56) (layer F.Fab) (width 0.1))
    (fp_line (start -3.155 10.18) (end -2.605 9.62) (layer F.Fab) (width 0.1))
    (fp_line (start 5.95 -5.35) (end 5.95 10.43) (layer F.CrtYd) (width 0.05))
    (fp_line (start 5.95 10.43) (end -3.41 10.43) (layer F.CrtYd) (width 0.05))
    (fp_line (start -3.41 10.43) (end -3.41 -5.35) (layer F.CrtYd) (width 0.05))
    (fp_line (start -3.41 -5.35) (end 5.95 -5.35) (layer F.CrtYd) (width 0.05))
    (fp_line (start 5.945 -5.35) (end 5.945 10.43) (layer F.SilkS) (width 0.12))
    (fp_line (start 5.945 10.43) (end -3.405 10.43) (layer F.SilkS) (width 0.12))
    (fp_line (start -3.405 10.43) (end -3.405 -5.35) (layer F.SilkS) (width 0.12))
    (fp_line (start -3.405 -5.35) (end 5.945 -5.35) (layer F.SilkS) (width 0.12))
    (fp_line (start -3.655 -5.6) (end -3.655 -3.06) (layer F.SilkS) (width 0.12))
    (fp_line (start -3.655 -5.6) (end -1.115 -5.6) (layer F.SilkS) (width 0.12))
    (pad 1 thru_hole rect (at 0 0) (size 1.7272 1.7272) (drill 1.016) (layers *.Cu *.Mask)
      (net 2 GND))
    (pad 2 thru_hole oval (at 2.54 0) (size 1.7272 1.7272) (drill 1.016) (layers *.Cu *.Mask)
      (net 20 /SCL))
    (pad 3 thru_hole oval (at 0 2.54) (size 1.7272 1.7272) (drill 1.016) (layers *.Cu *.Mask)
      (net 21 /SDA))
    (pad 4 thru_hole oval (at 2.54 2.54) (size 1.7272 1.7272) (drill 1.016) (layers *.Cu *.Mask)
      (net 3 +3V3))
    (pad 5 thru_hole oval (at 0 5.08) (size 1.7272 1.7272) (drill 1.016) (layers *.Cu *.Mask)
      (net 18 +5V))
    (pad 6 thru_hole oval (at 2.54 5.08) (size 1.7272 1.7272) (drill 1.016) (layers *.Cu *.Mask)
      (net 19 /ALERT))
    (model ${KISYS3DMOD}/Connector_IDC.3dshapes/IDC-Header_2x03_P2.54mm_Vertical.wrl
      (at (xyz 0 0 0))
      (scale (xyz 1 1 1))
      (rotate (xyz 0 0 0))
    )
  )

  (gr_line (start 171.45 121.92) (end 168.91 121.92) (layer F.SilkS) (width 0.2))
  (gr_line (start 171.45 111.76) (end 171.45 121.92) (layer F.SilkS) (width 0.2))
  (gr_line (start 171.45 111.76) (end 168.91 111.76) (layer F.SilkS) (width 0.2))
  (gr_line (start 171.45 91.44) (end 171.45 111.76) (layer F.SilkS) (width 0.2))
  (gr_line (start 168.91 91.44) (end 171.45 91.44) (layer F.SilkS) (width 0.2))
  (gr_text LED (at 169.98 116.84 270) (layer F.SilkS) (tstamp 5C30B199)
    (effects (font (size 1.2 1.2) (thickness 0.3)))
  )
  (gr_text 8 (at 169.98 110.49 270) (layer F.SilkS) (tstamp 5C30B16D)
    (effects (font (size 1.2 1.2) (thickness 0.3)))
  )
  (gr_text 7 (at 169.98 107.95 270) (layer F.SilkS) (tstamp 5C30B16B)
    (effects (font (size 1.2 1.2) (thickness 0.3)))
  )
  (gr_text 6 (at 169.98 105.41 270) (layer F.SilkS) (tstamp 5C30B16A)
    (effects (font (size 1.2 1.2) (thickness 0.3)))
  )
  (gr_text 5 (at 169.98 102.87 270) (layer F.SilkS) (tstamp 5C30B169)
    (effects (font (size 1.2 1.2) (thickness 0.3)))
  )
  (gr_text 4 (at 169.98 100.33 270) (layer F.SilkS) (tstamp 5C30B167)
    (effects (font (size 1.2 1.2) (thickness 0.3)))
  )
  (gr_text 3 (at 169.98 97.79 270) (layer F.SilkS) (tstamp 5C30B166)
    (effects (font (size 1.2 1.2) (thickness 0.3)))
  )
  (gr_text 2 (at 169.98 95.25 270) (layer F.SilkS) (tstamp 5C30B165)
    (effects (font (size 1.2 1.2) (thickness 0.3)))
  )
  (gr_text 1 (at 169.98 92.71 270) (layer F.SilkS)
    (effects (font (size 1.2 1.2) (thickness 0.3)))
  )
  (gr_text "RR-BUTTONS v1.0" (at 182.5 116.5) (layer F.SilkS) (tstamp 5C2F8D22)
    (effects (font (size 1.2 1.2) (thickness 0.3)))
  )
  (gr_text I2C (at 190.5 97) (layer F.SilkS) (tstamp 5C2F8D1D)
    (effects (font (size 1.2 1.2) (thickness 0.3)))
  )
  (gr_text SWD (at 187.5 120) (layer F.SilkS) (tstamp 5C2F8D17)
    (effects (font (size 1.2 1.2) (thickness 0.3)))
  )
  (gr_text D (at 179 91 180) (layer F.SilkS) (tstamp 5C2F8D0E)
    (effects (font (size 1.2 1.2) (thickness 0.3)))
  )
  (gr_text C (at 181 91 180) (layer F.SilkS) (tstamp 5C2F8D0D)
    (effects (font (size 1.2 1.2) (thickness 0.3)))
  )
  (gr_text B (at 184 91 180) (layer F.SilkS) (tstamp 5C2F8D09)
    (effects (font (size 1.2 1.2) (thickness 0.3)))
  )
  (gr_text A (at 186 91 180) (layer F.SilkS)
    (effects (font (size 1.2 1.2) (thickness 0.3)))
  )
  (dimension 33 (width 0.3) (layer Dwgs.User)
    (gr_text "33,000 mm" (at 179 131.35) (layer Dwgs.User)
      (effects (font (size 1.5 1.5) (thickness 0.3)))
    )
    (feature1 (pts (xy 195.5 116) (xy 195.5 132.7)))
    (feature2 (pts (xy 162.5 116) (xy 162.5 132.7)))
    (crossbar (pts (xy 162.5 130) (xy 195.5 130)))
    (arrow1a (pts (xy 195.5 130) (xy 194.373496 130.586421)))
    (arrow1b (pts (xy 195.5 130) (xy 194.373496 129.413579)))
    (arrow2a (pts (xy 162.5 130) (xy 163.626504 130.586421)))
    (arrow2b (pts (xy 162.5 130) (xy 163.626504 129.413579)))
  )
  (dimension 33 (width 0.3) (layer Dwgs.User)
    (gr_text "33,000 mm" (at 203.85 106.5 90) (layer Dwgs.User)
      (effects (font (size 1.5 1.5) (thickness 0.3)))
    )
    (feature1 (pts (xy 170.5 90) (xy 205.2 90)))
    (feature2 (pts (xy 170.5 123) (xy 205.2 123)))
    (crossbar (pts (xy 202.5 123) (xy 202.5 90)))
    (arrow1a (pts (xy 202.5 90) (xy 203.086421 91.126504)))
    (arrow1b (pts (xy 202.5 90) (xy 201.913579 91.126504)))
    (arrow2a (pts (xy 202.5 123) (xy 203.086421 121.873496)))
    (arrow2b (pts (xy 202.5 123) (xy 201.913579 121.873496)))
  )
  (gr_arc (start 192 93.5) (end 192 90) (angle 90) (layer Edge.Cuts) (width 0.1))
  (gr_arc (start 192 119.5) (end 195.5 119.5) (angle 90) (layer Edge.Cuts) (width 0.1))
  (gr_arc (start 163.5 122) (end 163.5 123) (angle 90) (layer Edge.Cuts) (width 0.1))
  (gr_arc (start 163.5 91) (end 162.5 91) (angle 90) (layer Edge.Cuts) (width 0.1))
